1
44
87
130
173
216
259
302
345
388
431
474
517
560
603
646
689
732
775
818
861
904
947
990
1033
1076
1119
1162
1205
1248
1291
1334
1377
1420
1463
1506
1549
1592
1635
1678
1721
1764
1807
1850
1893
1936
1979
2022
2065
2108
2151
2194
2237
2280
2323
2366
2409
2452
2495
2538
2581
2624
2667
2710
2753
2796
2839
2882
2925
2968
3011
3054
3097
3140
3183
3226
3269
3312
3355
3398
3441
3484
3527
3570
3613
3656
3699
3742
3785
3828
3871
3914
3957
4000
4043
4086
4129
4172
4215
4258
4301
4344
4387
4430
4473
4516
4559
4602
4645
4688
4731
4774
4817
4860
4903
4946
4989
5032
5075
5118
5161
5204
5247
5290
5333
5376
5419
5462
5505
5548
5591
5634
5677
5720
5763
5806
5849
5892
5935
5978
6021
6064
6107
6150
6193
6236
6279
6322
6365
6408
6451
6494
6537
6580
6623
6666
6709
6752
6795
6838
6881
6924
6967
7010
7053
7096
7139
7182
7225
7268
7311
7354
7397
7440
7483
7526
7569
7612
7655
7698
7741
7784
7827
7870
7913
7956
7999
8042
8085
8128
8171
8214
8257
8300
8343
8386
8429
8472
8515
8558
8601
8644
8687
8730
8773
8816
8859
8902
8945
8988
9031
9074
9117
9160
9203
9246
9289
9332
9375
9418
9461
9504
9547
9590
9633
9676
9719
9762
9805
9848
9891
9934
9977
10020
10063
10106
10149
10192
10235
10278
10321
10364
10407
10450
10493
10536
10579
10622
10665
10708
10751
10794
10837
10880
10923
10966
11009
11052
11095
11138
11181
11224
11267
11310
11353
11396
11439
11482
11525
11568
11611
11654
11697
11740
11783
11826
11869
11912
11955
11998
12041
12084
12127
12170
12213
12256
12299
12342
12385
12428
12471
12514
12557
12600
12643
12686
12729
12772
12815
12858
12901
12944
12987
13030
13073
13116
13159
13202
13245
13288
13331
13374
13417
13460
13503
13546
13589
13632
13675
13718
13761
13804
13847
13890
13933
13976
14019
14062
14105
14148
14191
14234
14277
14320
14363
14406
14449
14492
14535
14578
14621
14664
14707
14750
14793
14836
14879
14922
14965
15008
15051
15094
15137
15180
15223
15266
15309
15352
15395
15438
15481
15524
15567
15610
15653
15696
15739
15782
15825
15868
15911
15954
15997
16040
16083
16126
16169
16212
16255
16298
16341
16384
16427
16470
16513
16556
16599
16642
16685
16728
16771
16814
16857
16900
16943
16986
17029
17072
17115
17158
17201
17244
17287
17330
17373
17416
17459
17502
17545
17588
17631
17674
17717
17760
17803
17846
17889
17932
17975
18018
18061
18104
18147
18190
18233
18276
18319
18362
18405
18448
18491
18534
18577
18620
18663
18706
18749
18792
18835
18878
18921
18964
19007
19050
19093
19136
19179
19222
19265
19308
19351
19394
19437
19480
19523
19566
19609
19652
19695
19738
19781
19824
19867
19910
19953
19996
20039
20082
20125
20168
20211
20254
20297
20340
20383
20426
20469
20512
20555
20598
20641
20684
20727
20770
20813
20856
20899
20942
20985
21028
21071
21114
21157
21200
21243
21286
21329
21372
21415
21458
21501
21544
21587
21630
21673
21716
21759
21802
21845
21888
21931
21974
22017
22060
22103
22146
22189
22232
22275
22318
22361
22404
22447
22490
22533
22576
22619
22662
22705
22748
22791
22834
22877
22920
22963
23006
23049
23092
23135
23178
23221
23264
23307
23350
23393
23436
23479
23522
23565
23608
23651
23694
23737
23780
23823
23866
23909
23952
23995
24038
24081
24124
24167
24210
24253
24296
24339
24382
24425
24468
24511
24554
24597
24640
24683
24726
24769
24812
24855
24898
24941
24984
25027
25070
25113
25156
25199
25242
25285
25328
25371
25414
25457
25500
25543
25586
25629
25672
25715
25758
25801
25844
25887
25930
25973
26016
26059
26102
26145
26188
26231
26274
26317
26360
26403
26446
26489
26532
26575
26618
26661
26704
26747
26790
26833
26876
26919
26962
27005
27048
27091
27134
27177
27220
27263
27306
27349
27392
27435
27478
27521
27564
27607
27650
27693
27736
27779
27822
27865
27908
27951
27994
28037
28080
28123
28166
28209
28252
28295
28338
28381
28424
28467
28510
28553
28596
28639
28682
28725
28768
28811
28854
28897
28940
28983
29026
29069
29112
29155
29198
29241
29284
29327
29370
29413
29456
29499
29542
29585
29628
29671
29714
29757
29800
29843
29886
29929
29972
30015
30058
30101
30144
30187
30230
30273
30316
30359
30402
30445
30488
30531
30574
30617
30660
30703
30746
30789
30832
30875
30918
30961
31004
31047
31090
31133
31176
31219
31262
31305
31348
31391
31434
31477
31520
31563
31606
31649
31692
31735
31778
31821
31864
31907
31950
31993
32036
32079
32122
32165
32208
32251
32294
32337
32380
32423
32466
32509
32552
32595
32638
32681
32724
32767
32810
32853
32896
32939
32982
33025
33068
33111
33154
33197
33240
33283
33326
33369
33412
33455
33498
33541
33584
33627
33670
33713
33756
33799
33842
33885
33928
33971
34014
34057
34100
34143
34186
34229
34272
34315
34358
34401
34444
34487
34530
34573
34616
34659
34702
34745
34788
34831
34874
34917
34960
35003
35046
35089
35132
35175
35218
35261
35304
35347
35390
35433
35476
35519
35562
35605
35648
35691
35734
35777
35820
35863
35906
35949
35992
36035
36078
36121
36164
36207
36250
36293
36336
36379
36422
36465
36508
36551
36594
36637
36680
36723
36766
36809
36852
36895
36938
36981
37024
37067
37110
37153
37196
37239
37282
37325
37368
37411
37454
37497
37540
37583
37626
37669
37712
37755
37798
37841
37884
37927
37970
38013
38056
38099
38142
38185
38228
38271
38314
38357
38400
38443
38486
38529
38572
38615
38658
38701
38744
38787
38830
38873
38916
38959
39002
39045
39088
39131
39174
39217
39260
39303
39346
39389
39432
39475
39518
39561
39604
39647
39690
39733
39776
39819
39862
39905
39948
39991
40034
40077
40120
40163
40206
40249
40292
40335
40378
40421
40464
40507
40550
40593
40636
40679
40722
40765
40808
40851
40894
40937
40980
41023
41066
41109
41152
41195
41238
41281
41324
41367
41410
41453
41496
41539
41582
41625
41668
41711
41754
41797
41840
41883
41926
41969
42012
42055
42098
42141
42184
42227
42270
42313
42356
42399
42442
42485
42528
42571
42614
42657
42700
42743
42786
42829
42872
42915
42958
43001
43044
43087
43130
43173
43216
43259
43302
43345
43388
43431
43474
43517
43560
43603
43646
43689
43732
43775
43818
43861
43904
43947
43990
44033
44076
44119
44162
44205
44248
44291
44334
44377
44420
44463
44506
44549
44592
44635
44678
44721
44764
44807
44850
44893
44936
44979
45022
45065
45108
45151
45194
45237
45280
45323
45366
45409
45452
45495
45538
45581
45624
45667
45710
45753
45796
45839
45882
45925
45968
46011
46054
46097
46140
46183
46226
46269
46312
46355
46398
46441
46484
46527
46570
46613
46656
46699
46742
46785
46828
46871
46914
46957
47000
47043
47086
47129
47172
47215
47258
47301
47344
47387
47430
47473
47516
47559
47602
47645
47688
47731
47774
47817
47860
47903
47946
47989
48032
48075
48118
48161
48204
48247
48290
48333
48376
48419
48462
48505
48548
48591
48634
48677
48720
48763
48806
48849
48892
48935
48978
49021
49064
49107
49150
49193
49236
49279
49322
49365
49408
49451
49494
49537
49580
49623
49666
49709
49752
49795
49838
49881
49924
49967
50010
50053
50096
50139
50182
50225
50268
50311
50354
50397
50440
50483
50526
50569
50612
50655
50698
50741
50784
50827
50870
50913
50956
50999
51042
51085
51128
51171
51214
51257
51300
51343
51386
51429
51472
51515
51558
51601
51644
51687
51730
51773
51816
51859
51902
51945
51988
52031
52074
52117
52160
52203
52246
52289
52332
52375
52418
52461
52504
52547
52590
52633
52676
52719
52762
52805
52848
52891
52934
52977
53020
53063
53106
53149
53192
53235
53278
53321
53364
53407
53450
53493
53536
53579
53622
53665
53708
53751
53794
53837
53880
53923
53966
54009
54052
54095
54138
54181
54224
54267
54310
54353
54396
54439
54482
54525
54568
54611
54654
54697
54740
54783
54826
54869
54912
54955
54998
55041
55084
55127
55170
55213
55256
55299
55342
55385
55428
55471
55514
55557
55600
55643
55686
55729
55772
55815
55858
55901
55944
55987
56030
56073
56116
56159
56202
56245
56288
56331
56374
56417
56460
56503
56546
56589
56632
56675
56718
56761
56804
56847
56890
56933
56976
57019
57062
57105
57148
57191
57234
57277
57320
57363
57406
57449
57492
57535
57578
57621
57664
57707
57750
57793
57836
57879
57922
57965
58008
58051
58094
58137
58180
58223
58266
58309
58352
58395
58438
58481
58524
58567
58610
58653
58696
58739
58782
58825
58868
58911
58954
58997
59040
59083
59126
59169
59212
59255
59298
59341
59384
59427
59470
59513
59556
59599
59642
59685
59728
59771
59814
59857
59900
59943
59986
60029
60072
60115
60158
60201
60244
60287
60330
60373
60416
60459
60502
60545
60588
60631
60674
60717
60760
60803
60846
60889
60932
60975
61018
61061
61104
61147
61190
61233
61276
61319
61362
61405
61448
61491
61534
61577
61620
61663
61706
61749
61792
61835
61878
61921
61964
62007
62050
62093
62136
62179
62222
62265
62308
62351
62394
62437
62480
62523
62566
62609
62652
62695
62738
62781
62824
62867
62910
62953
62996
63039
63082
63125
63168
63211
63254
63297
63340
63383
63426
63469
63512
63555
63598
63641
63684
63727
63770
63813
63856
63899
63942
63985
64028
64071
64114
64157
64200
64243
64286
64329
64372
64415
64458
64501
64544
64587
64630
64673
64716
64759
64802
64845
64888
64931
64974
65017
65060
65103
65146
65189
65232
65275
65318
65361
65404
65447
65490
65533
65576
65619
65662
65705
65748
65791
65834
65877
65920
65963
66006
66049
66092
66135
66178
66221
66264
66307
66350
66393
66436
66479
66522
66565
66608
66651
66694
66737
66780
66823
66866
66909
66952
66995
67038
67081
67124
67167
67210
67253
67296
67339
67382
67425
67468
67511
67554
67597
67640
67683
67726
67769
67812
67855
67898
67941
67984
68027
68070
68113
68156
68199
68242
68285
68328
68371
68414
68457
68500
68543
68586
68629
68672
68715
68758
68801
68844
68887
68930
68973
69016
69059
69102
69145
69188
69231
69274
69317
69360
69403
69446
69489
69532
69575
69618
69661
69704
69747
69790
69833
69876
69919
69962
70005
70048
70091
70134
70177
70220
70263
70306
70349
70392
70435
70478
70521
70564
70607
70650
70693
70736
70779
70822
70865
70908
70951
70994
71037
71080
71123
71166
71209
71252
71295
71338
71381
71424
71467
71510
71553
71596
71639
71682
71725
71768
71811
71854
71897
71940
71983
72026
72069
72112
72155
72198
72241
72284
72327
72370
72413
72456
72499
72542
72585
72628
72671
72714
72757
72800
72843
72886
72929
72972
73015
73058
73101
73144
73187
73230
73273
73316
73359
73402
73445
73488
73531
73574
73617
73660
73703
73746
73789
73832
73875
73918
73961
74004
74047
74090
74133
74176
74219
74262
74305
74348
74391
74434
74477
74520
74563
74606
74649
74692
74735
74778
74821
74864
74907
74950
74993
75036
75079
75122
75165
75208
75251
75294
75337
75380
75423
75466
75509
75552
75595
75638
75681
75724
75767
75810
75853
75896
75939
75982
76025
76068
76111
76154
76197
76240
76283
76326
76369
76412
76455
76498
76541
76584
76627
76670
76713
76756
76799
76842
76885
76928
76971
77014
77057
77100
77143
77186
77229
77272
77315
77358
77401
77444
77487
77530
77573
77616
77659
77702
77745
77788
77831
77874
77917
77960
78003
78046
78089
78132
78175
78218
78261
78304
78347
78390
78433
78476
78519
78562
78605
78648
78691
78734
78777
78820
78863
78906
78949
78992
79035
79078
79121
79164
79207
79250
79293
79336
79379
79422
79465
79508
79551
79594
79637
79680
79723
79766
79809
79852
79895
79938
79981
80024
80067
80110
80153
80196
80239
80282
80325
80368
80411
80454
80497
80540
80583
80626
80669
80712
80755
80798
80841
80884
80927
80970
81013
81056
81099
81142
81185
81228
81271
81314
81357
81400
81443
81486
81529
81572
81615
81658
81701
81744
81787
81830
81873
81916
81959
82002
82045
82088
82131
82174
82217
82260
82303
82346
82389
82432
82475
82518
82561
82604
82647
82690
82733
82776
82819
82862
82905
82948
82991
83034
83077
83120
83163
83206
83249
83292
83335
83378
83421
83464
83507
83550
83593
83636
83679
83722
83765
83808
83851
83894
83937
83980
84023
84066
84109
84152
84195
84238
84281
84324
84367
84410
84453
84496
84539
84582
84625
84668
84711
84754
84797
84840
84883
84926
84969
85012
85055
85098
85141
85184
85227
85270
85313
85356
85399
85442
85485
85528
85571
85614
85657
85700
85743
85786
85829
85872
85915
85958
86001
86044
86087
86130
86173
86216
86259
86302
86345
86388
86431
86474
86517
86560
86603
86646
86689
86732
86775
86818
86861
86904
86947
86990
87033
87076
87119
87162
87205
87248
87291
87334
87377
87420
87463
87506
87549
87592
87635
87678
87721
87764
87807
87850
87893
87936
87979
88022
88065
88108
88151
88194
88237
88280
88323
88366
88409
88452
88495
88538
88581
88624
88667
88710
88753
88796
88839
88882
88925
88968
89011
89054
89097
89140
89183
89226
89269
89312
89355
89398
89441
89484
89527
89570
89613
89656
89699
89742
89785
89828
89871
89914
89957
90000
90043
90086
90129
90172
90215
90258
90301
90344
90387
90430
90473
90516
90559
90602
90645
90688
90731
90774
90817
90860
90903
90946
90989
91032
91075
91118
91161
91204
91247
91290
91333
91376
91419
91462
91505
91548
91591
91634
91677
91720
91763
91806
91849
91892
91935
91978
92021
92064
92107
92150
92193
92236
92279
92322
92365
92408
92451
92494
92537
92580
92623
92666
92709
92752
92795
92838
92881
92924
92967
93010
93053
93096
93139
93182
93225
93268
93311
93354
93397
93440
93483
93526
93569
93612
93655
93698
93741
93784
93827
93870
93913
93956
93999
94042
94085
94128
94171
94214
94257
94300
94343
94386
94429
94472
94515
94558
94601
94644
94687
94730
94773
94816
94859
94902
94945
94988
95031
95074
95117
95160
95203
95246
95289
95332
95375
95418
95461
95504
95547
95590
95633
95676
95719
95762
95805
95848
95891
95934
95977
96020
96063
96106
96149
96192
96235
96278
96321
96364
96407
96450
96493
96536
96579
96622
96665
96708
96751
96794
96837
96880
96923
96966
97009
97052
97095
97138
97181
97224
97267
97310
97353
97396
97439
97482
97525
97568
97611
97654
97697
97740
97783
97826
97869
97912
97955
97998
98041
98084
98127
98170
98213
98256
98299
98342
98385
98428
98471
98514
98557
98600
98643
98686
98729
98772
98815
98858
98901
98944
98987
99030
99073
99116
99159
99202
99245
99288
99331
99374
99417
99460
99503
99546
99589
99632
99675
99718
99761
99804
99847
99890
99933
99976
100019
100062
100105
100148
100191
100234
100277
100320
100363
100406
100449
100492
100535
100578
100621
100664
100707
100750
100793
100836
100879
100922
100965
101008
101051
101094
101137
101180
101223
101266
101309
101352
101395
101438
101481
101524
101567
101610
101653
101696
101739
101782
101825
101868
101911
101954
101997
102040
102083
102126
102169
102212
102255
102298
102341
102384
102427
102470
102513
102556
102599
102642
102685
102728
102771
102814
102857
102900
102943
102986
103029
103072
103115
103158
103201
103244
103287
103330
103373
103416
103459
103502
103545
103588
103631
103674
103717
103760
103803
103846
103889
103932
103975
104018
104061
104104
104147
104190
104233
104276
104319
104362
104405
104448
104491
104534
104577
104620
104663
104706
104749
104792
104835
104878
104921
104964
105007
105050
105093
105136
105179
105222
105265
105308
105351
105394
105437
105480
105523
105566
105609
105652
105695
105738
105781
105824
105867
105910
105953
105996
106039
106082
106125
106168
106211
106254
106297
106340
106383
106426
106469
106512
106555
106598
106641
106684
106727
106770
106813
106856
106899
106942
106985
107028
107071
107114
107157
107200
107243
107286
107329
107372
107415
107458
107501
107544
107587
107630
107673
107716
107759
107802
107845
107888
107931
107974
108017
108060
108103
108146
108189
108232
108275
108318
108361
108404
108447
108490
108533
108576
108619
108662
108705
108748
108791
108834
108877
108920
108963
109006
109049
109092
109135
109178
109221
109264
109307
109350
109393
109436
109479
109522
109565
109608
109651
109694
109737
109780
109823
109866
109909
109952
109995
110038
110081
110124
110167
110210
110253
110296
110339
110382
110425
110468
110511
110554
110597
110640
110683
110726
110769
110812
110855
110898
110941
110984
111027
111070
111113
111156
111199
111242
111285
111328
111371
111414
111457
111500
111543
111586
111629
111672
111715
111758
111801
111844
111887
111930
111973
112016
112059
112102
112145
112188
112231
112274
112317
112360
112403
112446
112489
112532
112575
112618
112661
112704
112747
112790
112833
112876
112919
112962
113005
113048
113091
113134
113177
113220
113263
113306
113349
113392
113435
113478
113521
113564
113607
113650
113693
113736
113779
113822
113865
113908
113951
113994
114037
114080
114123
114166
114209
114252
114295
114338
114381
114424
114467
114510
114553
114596
114639
114682
114725
114768
114811
114854
114897
114940
114983
115026
115069
115112
115155
115198
115241
115284
115327
115370
115413
115456
115499
115542
115585
115628
115671
115714
115757
115800
115843
115886
115929
115972
116015
116058
116101
116144
116187
116230
116273
116316
116359
116402
116445
116488
116531
116574
116617
116660
116703
116746
116789
116832
116875
116918
116961
117004
117047
117090
117133
117176
117219
117262
117305
117348
117391
117434
117477
117520
117563
117606
117649
117692
117735
117778
117821
117864
117907
117950
117993
118036
118079
118122
118165
118208
118251
118294
118337
118380
118423
118466
118509
118552
118595
118638
118681
118724
118767
118810
118853
118896
118939
118982
119025
119068
119111
119154
119197
119240
119283
119326
119369
119412
119455
119498
119541
119584
119627
119670
119713
119756
119799
119842
119885
119928
119971
120014
120057
120100
120143
120186
120229
120272
120315
120358
120401
120444
120487
120530
120573
120616
120659
120702
120745
120788
120831
120874
120917
120960
121003
121046
121089
121132
121175
121218
121261
121304
121347
121390
121433
121476
121519
121562
121605
121648
121691
121734
121777
121820
121863
121906
121949
121992
122035
122078
122121
122164
122207
122250
122293
122336
122379
122422
122465
122508
122551
122594
122637
122680
122723
122766
122809
122852
122895
122938
122981
123024
123067
123110
123153
123196
123239
123282
123325
123368
123411
123454
123497
123540
123583
123626
123669
123712
123755
123798
123841
123884
123927
123970
124013
124056
124099
124142
124185
124228
124271
124314
124357
124400
124443
124486
124529
124572
124615
124658
124701
124744
124787
124830
124873
124916
124959
125002
125045
125088
125131
125174
125217
125260
125303
125346
125389
125432
125475
125518
125561
125604
125647
125690
125733
125776
125819
125862
125905
125948
125991
126034
126077
126120
126163
126206
126249
126292
126335
126378
126421
126464
126507
126550
126593
126636
126679
126722
126765
126808
126851
126894
126937
126980
127023
127066
127109
127152
127195
127238
127281
127324
127367
127410
127453
127496
127539
127582
127625
127668
127711
127754
127797
127840
127883
127926
127969
128012
128055
128098
128141
128184
128227
128270
128313
128356
128399
128442
128485
128528
128571
128614
128657
128700
128743
128786
128829
128872
128915
128958
129001
129044
129087
129130
129173
129216
129259
129302
129345
129388
129431
129474
129517
129560
129603
129646
129689
129732
129775
129818
129861
129904
129947
129990
130033
130076
130119
130162
130205
130248
130291
130334
130377
130420
130463
130506
130549
130592
130635
130678
130721
130764
130807
130850
130893
130936
130979
131022
131065
131108
131151
131194
131237
131280
131323
131366
131409
131452
131495
131538
131581
131624
131667
131710
131753
131796
131839
131882
131925
131968
132011
132054
132097
132140
132183
132226
132269
132312
132355
132398
132441
132484
132527
132570
132613
132656
132699
132742
132785
132828
132871
132914
132957
133000
133043
133086
133129
133172
133215
133258
133301
133344
133387
133430
133473
133516
133559
133602
133645
133688
133731
133774
133817
133860
133903
133946
133989
134032
134075
134118
134161
134204
134247
134290
134333
134376
134419
134462
134505
134548
134591
134634
134677
134720
134763
134806
134849
134892
134935
134978
135021
135064
135107
